00000000000000000000000000000000000000000000000000000000000000000000000000000000000000000000000000000000000000000000000000000000000000000000000000000000000000000000000000
00000000000000000000000000000000000000000000000000000000000000000000000000000000000000000000000000000000000000000000000000000000000000000000000000000000000000000000000000
01100011000110001100011000110001100011000110001100000000000000000000000000000000000000000000000000000000000000000000000000000000000000000000000000000000000000000000000000
00011000110001100011000110001100011000110001100011000000000000000000000000000000000000000000000000000000000000000000000000000000000000000000000000000000000000000000000000
00011000110001100011000110001100011000110001100011000000000000000000000000000000000000000000000000000000000000000000000000000000000000000000000000000000000000000000000000
01100011000110001100011000110001100011000110001100000000000000000000000000000000000000000000000000000000000000000000000000000000000000000000000000000000000000000000000000
00000000000000000000000000000000000000000000000000000000000000000000000000000000000000000000000000000000000000000000000000000000000000000000000000000000000000000000000000
00000000000000000000000000000000000000000000000000000000000000000000000000000000000000000000000000000000000000000000000000000000000000000000000000000000000000000000000000
11000110001100011000110001100011000110001100011000000000000000000000000000000000000000000000000000000000000000000000000000000000000000000000000000000000000000000000000000
00011000110001100011000110001100011000110001100011000000000000000000000000000000000000000000000000000000000000000000000000000000000000000000000000000000000000000000000000
00011000110001100011000110001100011000110001100011000000000000000000000000000000000000000000000000000000000000000000000000000000000000000000000000000000000000000000000000
11000110001100011000110001100011000110001100011000000000000000000000000000000000000000000000000000000000000000000000000000000000000000000000000000000000000000000000000000
00000000000000000000000000000000000000000000000000000000000000000000000000000000000000000000000000000000000000000000000000000000000000000000000000000000000000000000000000
00000000000000000000000000000000000000000000000000000000000000000000000000000000000000000000000000000000000000000000000000000000000000000000000000000000000000000000000000
01100011000110001100011000110001100011000110001100000000000000000000000000000000000000000000000000000000000000000000000000000000000000000000000000000000000000000000000000
00011000110001100011000110001100011000110001100011000000000000000000000000000000000000000000000000000000000000000000000000000000000000000000000000000000000000000000000000
00011000110001100011000110001100011000110001100011000000000000000000000000000000000000000000000000000000000000000000000000000000000000000000000000000000000000000000000000
01100011000110001100011000110001100011000110001100000000000000000000000000000000000000000000000000000000000000000000000000000000000000000000000000000000000000000000000000
00000000000000000000000000000000000000000000000000000000000000000000000000000000000000000000000000000000000000000000000000000000000000000000000000000000000000000000000000
00000000000000000000000000000000000000000000000000000000000000000000000000000000000000000000000000000000000000000000000000000000000000000000000000000000000000000000000000
11000110001100011000110001100011000110001100011000000000000000000000000000000000000000000000000000000000000000000000000000000000000000000000000000000000000000000000000000
00011000110001100011000110001100011000110001100011000000000000000000000000000000000000000000000000000000000000000000000000000000000000000000000000000000000000000000000000
00011000110001100011000110001100011000110001100011000000000000000000000000000000000000000000000000000000000000000000000000000000000000000000000000000000000000000000000000
11000110001100011000110001100011000110001100011000000000000000000000000000000000000000000000000000000000000000000000000000000000000000000000000000000000000000000000000000
00000000000000000000000000000000000000000000000000000000000000000000000000000000000000000000000000000000000000000000000000000000000000000000000000000000000000000000000000
00000000000000000000000000000000000000000000000000000000000000000000000000000000000000000000000000000000000000000000000000000000000000000000000000000000000000000000000000
01100011000110001100011000110001100011000110001100000000000000000000000000000000000000000000000000000000000000000000000000000000000000000000000000000000000000000000000000
00011000110001100011000110001100011000110001100011000000000000000000000000000000000000000000000000000000000000000000000000000000000000000000000000000000000000000000000000
00011000110001100011000110001100011000110001100011000000000000000000000000000000000000000000000000000000000000000000000000000000000000000000000000000000000000000000000000
01100011000110001100011000110001100011000110001100000000000000000000000000000000000000000000000000000000000000000000000000000000000000000000000000000000000000000000000000
00000000000000000000000000000000000000000000000000000000000000000000000000000000000000000000000000000000000000000000000000000000000000000000000000000000000000000000000000
00000000000000000000000000000000000000000000000000000000000000000000000000000000000000000000000000000000000000000000000000000000000000000000000000000000000000000000000000
11000110001100011000110001100011000110001100011000000000000000000000000000000000000000000000000000000000000000000000000000000000000000000000000000000000000000000000000000
00011000110001100011000110001100011000110001100011000000000000000000000000000000000000000000000000000000000000000000000000000000000000000000000000000000000000000000000000
00011000110001100011000110001100011000110001100011000000000000000000000000000000000000000000000000000000000000000000000000000000000000000000000000000000000000000000000000
11000110001100011000110001100011000110001100011000000000000000000000000000000000000000000000000000000000000000000000000000000000000000000000000000000000000000000000000000
00000000000000000000000000000000000000000000000000000000000000000000000000000000000000000000000000000000000000000000000000000000000000000000000000000000000000000000000000
00000000000000000000000000000000000000000000000000000000000000000000000000000000000000000000000000000000000000000000000000000000000000000000000000000000000000000000000000
01100011000110001100011000110001100011000110001100000000000000000000000000000000000000000000000000000000000000000000000000000000000000000000000000000000000000000000000000
00011000110001100011000110001100011000110001100011000000000000000000000000000000000000000000000000000000000000000000000000000000000000000000000000000000000000000000000000
00011000110001100011000110001100011000110001100011000000000000000000000000000000000000000000000000000000000000000000000000000000000000000000000000000000000000000000000000
01100011000110001100011000110001100011000110001100000000000000000000000000000000000000000000000000000000000000000000000000000000000000000000000000000000000000000000000000
00000000000000000000000000000000000000000000000000000000000000000000000000000000000000000000000000000000000000000000000000000000000000000000000000000000000000000000000000
00000000000000000000000000000000000000000000000000000000000000000000000000000000000000000000000000000000000000000000000000000000000000000000000000000000000000000000000000
11000110001100011000110001100011000110001100011000000000000000000000000000000000000000000000000000000000000000000000000000000000000000000000000000000000000000000000000000
00011000110001100011000110001100011000110001100011000000000000000000000000000000000000000000000000000000000000000000000000000000000000000000000000000000000000000000000000
00011000110001100011000110001100011000110001100011000000000000000000000000000000000000000000000000000000000000000000000000000000000000000000000000000000000000000000000000
11000110001100011000110001100011000110001100011000000000000000000000000000000000000000000000000000000000000000000000000000000000000000000000000000000000000000000000000000
00000000000000000000000000000000000000000000000000000000000000000000000000000000000000000000000000000000000000000000000000000000000000000000000000000000000000000000000000
00000000000000000000000000000000000000000000000000000000000000000000000000000000000000000000000000000000000000000000000000000000000000000000000000000000000000000000000000